15
10
35,27,16,22,34,27,19,23,18,36,32,23,20,35,33
1.2,0.9,1.6,1.0,1.2,1.3,1.4,1.5,1.6,1.7,1.8,1.5,1.6,1.1,1.1
0,0,0,0,0,0,0,0,0,0,0,0,0,0,0
16,12,7,10,19,25,31,37,43,49,55,43,37,54,54
0.110,0.130,0.160,0.120,0.170,0.190,0.205,0.220,0.235,0.250,0.265,0.235,0.220,0.280,0.280
65,95,57,32,78,92,78,62,47,122,107,78,62,112,112
390,280,190,310,460,550,430,370,310,640,580,430,370,590,590
290,210,160,200,340,370,310,250,200,450,420,310,250,430,430
310,160,110,260,310,340,280,230,160,460,430,280,230,390,390
0,0,0,0,0,0,0,0,0,0,0,0,0,0,0
490,400,340,590,200,300,520,150,220,300
59,54,64,79,39,30,50,20,30,40
