75
65
22,15,12,8,14,26,28,11,16,18,14,19,13,24,22,15,10,20,27,23,17,13,10,26,28,19,16,14,9,22,15,20,8,7,11,13,17,10,13,22,24,21,7,6,27,29,32,30,31,33,18,16,17,19,22,20,24,26,17,11,19,13,29,25,18,10,21,30,23,16,18,13,26,25,20
0.4,0.3,0.8,0.2,0.5,0.6,0.6,0.7,0.4,0.9,0.4,0.7,0.6,0.4,0.3,0.7,0.8,0.5,0.7,0.2,0.6,0.8,0.6,0.4,0.9,0.2,0.6,0.7,0.4,0.7,0.6,0.9,0.2,0.5,0.7,0.3,0.5,0.8,0.4,0.3,0.7,0.9,0.6,0.2,0.7,0.4,0.3,0.6,0.2,0.8,0.7,0.5,0.2,0.4,0.2,0.5,0.9,0.4,0.8,0.7,0.6,0.9,0.4,0.3,0.7,0.8,0.5,0.7,0.6,0.9,0.2,0.6,0.7,0.3,0.4
0,0,0,0,0,0,0,0,0,0,0,0,0,0,0,0,0,0,0,0,0,0,0,0,0,0,0,0,0,0,0,0,0,0,0,0,0,0,0,0,0,0,0,0,0,0,0,0,0,0,0,0,0,0,0,0,0,0,0,0,0,0,0,0,0,0,0,0,0,0,0,0,0,0,0
7,9,8,6,10,11,14,12,8,7,5,13,11,10,9,16,15,13,12,7,17,14,11,8,10,15,12,9,13,16,8,5,11,10,12,7,13,9,17,14,4,6,15,16,3,18,19,20,14,17,13,16,18,20,15,12,8,5,11,10,12,7,13,9,17,14,4,6,13,11,10,9,16,15,13
0.12,0.1,0.115,0.075,0.11,0.1,0.085,0.095,0.12,0.07,0.125,0.075,0.105,0.115,0.095,0.085,0.09,0.11,0.125,0.07,0.075,0.12,0.1,0.13,0.09,0.115,0.105,0.09,0.095,0.13,0.1,0.115,0.075,0.11,0.1,0.085,0.095,0.12,0.07,0.125,0.075,0.105,0.115,0.095,0.085,0.09,0.11,0.125,0.07,0.075,0.12,0.1,0.13,0.09,0.115,0.105,0.09,0.095,0.13,0.095,0.13,0.1,0.115,0.075,0.11,0.1,0.085,0.095,0.12,0.07,0.105,0.09,0.095,0.13,0.1
50,80,45,75,90,65,110,135,80,70,90,110,100,45,50,65,75,80,90,110,120,130,45,50,65,75,80,90,100,120,50,65,75,80,90,100,110,120,130,140,150,160,170,180,190,200,220,230,240,250,260,270,280,290,300,90,110,100,45,50,65,75,80,90,110,120,65,75,80,70,80,90,100,120,50
290,190,130,240,180,190,160,170,210,220,120,130,230,240,260,270,180,190,200,210,220,120,130,230,240,260,270,270,180,190,200,210,300,310,320,330,340,350,360,370,380,390,400,410,420,430,440,450,460,470,480,490,500,510,520,530,540,550,560,570,580,210,130,230,240,260,270,180,230,240,260,270,180,190,200
180,130,140,190,150,160,170,200,180,220,170,180,160,230,140,160,190,170,230,190,120,140,160,220,160,180,130,190,170,210,150,160,190,200,210,220,230,240,250,260,270,280,290,300,310,320,330,340,350,360,370,380,390,400,410,420,430,180,220,140,160,190,170,150,230,180,140,160,140,160,190,220,160,180,130
300,160,120,270,240,220,230,250,260,280,300,220,250,280,260,240,310,290,220,250,280,290,240,260,220,280,260,300,220,250,280,300,160,120,270,240,220,230,250,280,270,300,220,250,280,260,280,300,260,280,300,220,250,280,300,260,280,290,270,250,310,290,300,220,250,280,260,280,300,220,310,260,280,290,300
0,0,0,0,0,0,0,0,0,0,0,0,0,0,0,0,0,0,0,0,0,0,0,0,0,0,0,0,0,0,0,0,0,0,0,0,0,0,0,0,0,0,0,0,0,0,0,0,0,0,0,0,0,0,0,0,0,0,0,0,0,0,0,0,0,0,0,0,0,0,0,0,0,0,0
160,520,430,370,310,460,570,420,270,320,370,420,460,510,560,310,360,410,460,510,560,260,310,360,410,460,510,560,260,310,360,410,160,520,430,370,310,460,570,420,270,320,370,420,460,510,560,310,360,410,310,360,410,460,510,560,310,360,410,460,430,270,320,370,380
20,70,60,50,40,55,65,60,25,35,45,55,75,85,95,40,45,55,65,75,85,20,25,35,70,80,90,100,20,30,35,20,70,60,20,70,60,50,40,55,65,60,25,35,45,55,75,85,95,40,45,55,65,75,85,20,25,35,70,80,90,100,90,100,20
