90
75
28,22,18,11,17,30,35,14,20,22,17,24,18,32,29,22,14,26,33,28,23,18,15,30,32,24,20,18,12,28,20,26,13,10,14,17,22,15,18,28,30,25,10,9,32,34,38,36,35,38,22,20,21,23,28,26,30,32,21,15,24,18,34,30,24,14,26,35,28,23,25,18,30,29,22,14,26,35,28,24,35,28,23,25,18,30,29,22,14,26
0.4,0.5,0.9,0.3,0.5,0.7,0.5,0.6,0.3,0.8,0.4,0.7,0.6,0.4,0.3,0.7,0.8,0.5,0.7,0.2,0.6,0.8,0.6,0.4,0.9,0.3,0.7,0.8,0.5,0.7,0.6,0.9,0.2,0.6,0.8,0.3,0.5,0.8,0.4,0.3,0.7,0.9,0.6,0.2,0.7,0.5,0.3,0.6,0.3,0.8,0.7,0.5,0.2,0.4,0.2,0.5,0.9,0.4,0.8,0.7,0.6,0.9,0.4,0.3,0.7,0.8,0.5,0.7,0.6,0.9,0.2,0.6,0.8,0.3,0.4,0.9,0.6,0.9,0.4,0.7,0.3,0.6,0.8,0.5,0.2,0.7,0.5,0.3,0.6,0.3
1,1,1,1,1,1,1,1,1,1,1,1,1,1,1,1,1,1,1,1,1,1,1,1,1,1,1,1,1,1,1,1,1,1,1,1,1,1,1,1,1,1,1,1,1,1,1,1,1,1,1,1,1,1,1,1,1,1,1,1,1,1,1,1,1,1,1,1,1,1,1,1,1,1,1,1,1,1,1,1,1,1,1,1,1,1,1,1,1,1
6,8,7,5,9,10,13,11,7,6,4,12,10,9,8,15,14,12,11,6,16,13,10,7,9,14,11,8,12,15,7,4,10,9,11,6,12,8,16,13,3,5,14,15,2,17,18,19,13,16,12,15,17,19,14,11,7,4,10,9,11,6,12,8,16,13,3,5,12,10,9,8,15,14,12,11,6,16,14,12,11,6,16,13,10,7,9,14,11,8
0.13,0.11,0.125,0.085,0.12,0.11,0.095,0.105,0.13,0.08,0.135,0.085,0.115,0.125,0.105,0.095,0.1,0.12,0.135,0.08,0.085,0.13,0.11,0.14,0.1,0.125,0.115,0.1,0.105,0.14,0.11,0.125,0.085,0.12,0.11,0.095,0.105,0.13,0.08,0.135,0.085,0.115,0.125,0.105,0.095,0.1,0.12,0.135,0.08,0.085,0.13,0.11,0.14,0.1,0.125,0.115,0.1,0.105,0.14,0.105,0.14,0.11,0.125,0.085,0.12,0.11,0.095,0.105,0.13,0.08,0.115,0.1,0.105,0.14,0.11,0.125,0.085,0.12,0.11,0.095,0.1,0.105,0.14,0.11,0.125,0.085,0.12,0.11,0.095,0.105
60,90,50,80,100,70,120,150,90,80,100,120,110,50,60,70,80,90,100,120,130,140,50,60,70,80,90,100,110,130,60,70,80,90,100,110,120,130,140,150,160,170,180,190,200,210,230,240,250,260,270,280,290,300,100,120,110,50,60,70,80,90,100,120,130,70,80,90,80,90,100,110,130,60,70,80,90,100,110,180,190,200,210,230,240,250,260,270,280,290
320,210,150,260,190,200,170,180,220,230,140,150,240,250,270,280,190,200,210,220,230,140,150,240,250,270,280,280,190,200,210,220,300,310,320,330,340,350,360,370,380,390,400,410,420,430,440,450,460,470,480,490,500,510,520,530,540,550,560,570,580,220,140,150,240,250,270,280,190,240,250,270,280,190,200,210,220,230,140,390,400,410,420,430,440,450,460,470,480,490
200,120,120,170,140,130,150,190,210,160,180,200,220,140,160,190,170,150,210,180,140,160,190,220,150,170,130,200,180,210,140,160,190,200,210,220,230,240,250,260,270,280,290,300,310,320,330,340,350,360,370,380,390,400,410,420,430,200,220,140,160,190,170,150,210,180,140,160,140,160,190,220,150,170,130,200,180,210,230,240,250,260,270,280,290,300,310,320,330,340
320,170,120,270,240,230,250,290,280,300,320,240,260,290,270,250,310,280,240,260,290,300,250,270,230,300,280,310,240,260,290,320,170,120,270,240,230,250,290,310,260,280,300,320,240,260,290,270,290,310,260,280,300,320,240,260,290,270,250,310,280,280,240,260,290,300,320,190,320,240,260,290,270,250,310,280,240,260,290,300,300,320,240,260,290,270,290,310,260,280
0,0,0,0,0,0,0,0,0,0,0,0,0,0,0,0,0,0,0,0,0,0,0,0,0,0,0,0,0,0,0,0,0,0,0,0,0,0,0,0,0,0,0,0,0,0,0,0,0,0,0,0,0,0,0,0,0,0,0,0,0,0,0,0,0,0,0,0,0,0,0,0,0,0,0,0,0,0,0,0,0,0,0,0,0,0,0,0,0,0
160,520,430,370,310,460,570,420,270,320,370,420,460,510,560,310,360,410,460,510,560,260,310,360,410,460,510,560,260,310,360,410,160,520,430,370,310,460,570,420,270,320,370,420,460,510,560,310,360,410,310,360,410,460,510,560,310,360,410,460,430,270,320,370,420,460,510,560,310,360,410,160,460,570,420
20,70,60,50,40,55,65,60,25,35,45,55,75,85,95,40,45,55,65,75,85,20,25,35,70,80,90,100,20,30,35,20,70,60,20,70,60,50,40,55,65,60,25,35,45,55,75,85,95,40,45,55,65,75,85,20,25,35,70,80,90,100,20,30,35,20,70,60,20,70,60,35,70,80,35

