70
72
30,20,10,15,18,25,22,27,12,20,28,16,30,18,25,10,22,16,30,15,20,25,18,12,28,22,10,16,25,15,19,24,11,9,13,16,21,14,17,26,27,23,8,7,29,31,35,33,34,36,20,18,19,21,26,23,27,29,20,15,22,16,28,25,18,10,22,30,25,20
0.8,0.9,0.4,0.6,0.7,0.3,0.5,0.1,0.2,0.7,0.9,0.5,0.4,0.6,0.8,0.3,0.2,0.5,0.4,0.8,0.6,0.3,0.7,0.1,0.5,0.2,0.9,0.8,0.3,0.6,0.1,0.4,0.7,0.2,0.9,0.5,0.8,0.6,0.4,0.2,0.3,0.7,0.1,0.9,0.5,0.6,0.8,0.4,0.2,0.3,0.7,0.9,0.1,0.5,0.2,0.8,0.6,0.3,0.7,0.4,0.9,0.1,0.6,0.5,0.3,0.2,0.8,0.4,0.9,0.7
0,0,0,0,0,0,0,0,0,0,0,0,0,0,0,0,0,0,0,0,0,0,0,0,0,0,0,0,0,0,0,0,0,0,0,0,0,0,0,0,0,0,0,0,0,0,0,0,0,0,0,0,0,0,0,0,0,0,0,0,0,0,0,0,0,0,0,0,0,0
9,7,8,13,5,4,11,10,8,6,3,14,9,15,12,7,14,10,6,2,12,5,13,4,15,11,7,3,8,10,5,11,7,15,12,2,4,13,14,1,16,17,18,19,11,14,16,15,12,10,13,9,6,3,8,10,5,11,7,15,12,2,4,14,9,15,12,7,14,10
0.15,0.12,0.135,0.095,0.13,0.12,0.105,0.115,0.14,0.085,0.145,0.095,0.125,0.135,0.115,0.105,0.11,0.13,0.145,0.085,0.09,0.14,0.12,0.15,0.1,0.135,0.125,0.11,0.115,0.15,0.12,0.135,0.095,0.13,0.12,0.105,0.115,0.14,0.085,0.145,0.095,0.125,0.135,0.115,0.105,0.11,0.13,0.145,0.085,0.09,0.14,0.12,0.15,0.1,0.135,0.125,0.11,0.115,0.15,0.115,0.15,0.12,0.135,0.095,0.105,0.115,0.14,0.085,0.145,0.095
40,90,120,80,70,110,100,60,130,70,80,110,130,90,120,50,70,60,90,80,110,120,130,40,50,60,70,80,90,100,120,50,60,70,80,90,100,110,120,130,140,150,160,170,180,190,200,210,230,240,250,260,270,290,300,90,110,100,40,50,60,70,80,90,110,120,60,70,80,40
300,180,220,170,190,180,240,230,210,220,130,140,400,410,380,370,360,350,340,330,320,310,300,400,390,480,470,460,450,440,430,490,500,510,520,530,540,550,560,570,580,220,130,140,230,240,260,270,180,200,120,140,170,150,130,190,160,120,140,220,130,140,400,410,380,370,360,350,340,330
180,100,150,140,130,120,120,160,170,150,130,140,170,190,190,170,140,150,130,120,140,170,200,130,150,110,180,160,190,120,140,170,180,190,200,210,220,230,240,250,260,270,280,290,300,310,320,330,340,350,360,370,380,390,400,410,420,430,180,200,120,140,170,150,130,190,160,120,140,90
300,150,100,250,220,210,230,270,290,240,260,280,300,220,240,270,250,230,290,260,220,240,270,280,230,250,210,280,260,290,220,240,270,300,150,100,250,220,210,230,270,290,240,260,280,300,220,240,270,250,270,290,240,260,280,300,220,240,270,250,230,290,260,260,220,240,270,280,300,190
0,0,0,0,0,0,0,0,0,0,0,0,0,0,0,0,0,0,0,0,0,0,0,0,0,0,0,0,0,0,0,0,0,0,0,0,0,0,0,0,0,0,0,0,0,0,0,0,0,0,0,0,0,0,0,0,0,0,0,0,0,0,0,0,0,0,0,0,0,0
500,550,400,450,550,350,300,450,500,550,400,350,450,500,350,400,450,500,550,400,450,500,550,450,500,550,450,500,550,450,550,500,400,450,550,350,300,450,500,550,400,350,450,500,350,400,450,500,550,400,450,500,550,450,500,550,450,500,550,450,400,350,450,500,350,400,450,500,550,400,450,500
50,70,80,40,60,25,35,80,45,70,80,90,30,70,60,70,80,70,80,60,70,80,50,60,70,80,70,80,60,70,80,15,50,40,30,25,35,60,45,20,30,40,50,70,80,90,30,35,45,60,30,25,35,60,45,20,30,40,50,70,70,60,70,80,70,80,60,70,80,50,60,70

