70
60
35,22,8,13,17,27,32,14,23,18,16,28,19,33,29,21,11,30,25,26,24,20,12,31,36,34,15,9,7,37,38,42,45,41,39,47,49,44,48,46,40,50,51,56,53,52,54,43,55,59,58,60,57,62,61,64,63,66,65,67,68,69,70,71,72,73,74,75,76,76
0.15,0.13,0.11,0.1,0.12,0.14,0.16,0.18,0.2,0.22,0.24,0.26,0.28,0.3,0.32,0.34,0.36,0.38,0.4,0.42,0.44,0.46,0.48,0.5,0.52,0.54,0.56,0.58,0.6,0.62,0.64,0.66,0.68,0.7,0.72,0.74,0.76,0.78,0.8,0.82,0.84,0.86,0.88,0.9,0.92,0.94,0.96,0.98,1.0,1.02,1.04,1.06,1.08,1.1,1.12,1.14,1.16,1.18,1.2,1.22,1.24,1.26,1.28,1.3,1.32,1.34,1.36,1.38,1.4,1.42
0,0,0,0,0,0,0,0,0,0,0,0,0,0,0,0,0,0,0,0,0,0,0,0,0,0,0,0,0,0,0,0,0,0,0,0,0,0,0,0,0,0,0,0,0,0,0,0,0,0,0,0,0,0,0,0,0,0,0,0,0,0,0,0,0,0,0,0,0,0
3,6,1,7,11,15,18,9,13,16,14,12,5,10,2,8,4,17,19,21,23,25,20,22,27,26,30,29,31,28,33,32,35,34,37,36,39,38,41,40,43,42,45,44,47,46,49,48,51,50,53,52,55,54,57,56,59,58,60,61,63,62,65,64,67,66,69,27,26,30
0.155,0.145,0.135,0.125,0.115,0.105,0.095,0.085,0.075,0.065,0.055,0.045,0.035,0.025,0.015,0.005,0.195,0.185,0.175,0.165,0.155,0.145,0.135,0.125,0.115,0.105,0.095,0.085,0.075,0.065,0.055,0.045,0.035,0.025,0.015,0.005,0.195,0.185,0.175,0.165,0.155,0.145,0.135,0.125,0.115,0.105,0.095,0.085,0.075,0.065,0.055,0.045,0.035,0.025,0.015,0.005,0.195,0.185,0.175,0.165,0.155,0.145,0.135,0.125,0.015,0.005,0.195,0.185,0.175,0.165
70,80,60,50,90,100,120,130,80,70,90,110,100,40,50,60,70,80,90,110,120,130,40,50,60,70,80,90,100,120,50,60,70,80,90,100,110,120,130,140,150,160,170,180,190,200,210,230,240,250,260,270,290,300,90,110,100,40,50,60,70,130,80,70,90,110,100,40,50,60
270,180,200,170,210,220,130,140,230,240,260,270,270,180,190,200,210,290,300,310,320,330,340,350,360,370,380,390,400,410,420,430,440,450,460,470,480,490,500,510,520,530,540,550,560,570,580,220,130,140,230,240,260,270,180,200,120,140,130,140,230,240,260,270,270,180,190,200,210,290
180,100,100,150,120,110,130,170,190,140,160,180,200,120,140,170,150,130,190,160,120,140,170,200,130,150,110,180,160,190,120,140,170,180,190,200,210,220,230,240,250,260,270,280,290,300,310,320,330,340,350,360,370,380,390,400,410,420,430,180,200,120,140,170,150,130,190,160,120,140
300,150,100,250,220,210,230,270,290,240,260,280,300,220,240,270,250,230,290,260,220,240,270,280,230,250,210,280,260,290,220,240,270,300,150,100,250,220,210,230,270,290,240,260,280,300,220,240,270,250,270,290,240,260,280,300,220,240,270,250,230,290,260,260,220,240,270,280,300,190
0,0,0,0,0,0,0,0,0,0,0,0,0,0,0,0,0,0,0,0,0,0,0,0,0,0,0,0,0,0,0,0,0,0,0,0,0,0,0,0,0,0,0,0,0,0,0,0,0,0,0,0,0,0,0,0,0,0,0,0,0,0,0,0,0,0,0,0,0,0
50,70,80,40,60,25,35,80,45,70,80,90,30,70,60,70,80,70,80,60,70,80,50,60,70,80,70,80,60,70,80,15,50,40,30,25,35,60,45,20,30,40,50,70,80,90,30,35,45,60,30,25,35,60,45,20,30,40,50,70
15,50,40,30,25,35,60,45,20,30,40,50,70,80,90,30,35,45,60,70,80,15,20,25,50,60,70,80,15,20,25,15,50,40,30,25,35,60,45,20,30,40,50,70,80,90,30,35,45,60,30,25,35,60,45,20,30,40,50,70
