100
144
25,18,5,10,15,25,30,12,18,20,15,22,16,28,25,18,10,22,30,25,20,15,12,28,30,22,18,16,10,25,19,24,11,9,13,16,21,14,17,26,27,23,8,7,29,31,35,33,34,36,20,18,19,21,26,23,27,29,20,15,22,16,28,25,18,10,22,30,25,20,22,16,28,25,18,10,22,30,25,20,25,18,5,10,15,25,30,12,18,20,15,22,16,28,25,18,10,22,30,25
0.3,0.4,1.0,0.2,0.4,0.8,0.6,0.7,0.4,0.9,0.3,0.6,0.7,0.5,0.3,0.8,0.9,0.4,0.6,0.2,0.7,0.8,0.5,0.3,0.9,0.2,0.6,0.7,0.4,0.8,0.5,0.9,0.1,0.5,0.7,0.2,0.6,0.8,0.4,0.3,0.7,0.9,0.5,0.2,0.8,0.6,0.1,0.4,0.9,0.3,0.7,0.9,0.6,0.8,0.5,0.2,0.4,0.1,0.4,0.9,0.3,0.7,0.9,0.6,0.8,0.5,0.2,0.4,0.6,0.8,0.6,0.7,0.5,0.3,0.8,0.9,0.4,0.9,0.7,0.5,0.4,0.1,0.4,0.9,0.3,0.7,0.9,0.6,0.8,0.5,0.2,0.4,0.6,0.8,0.6,0.7,0.5,0.3,0.8,0.9
0,0,0,0,0,0,0,0,0,0,0,0,0,0,0,0,0,0,0,0,0,0,0,0,0,0,0,0,0,0,0,0,0,0,0,0,0,0,0,0,0,0,0,0,0,0,0,0,0,0,0,0,0,0,0,0,0,0,0,0,0,0,0,0,0,0,0,0,0,0,0,0,0,0,0,0,0,0,0,0,0,0,0,0,0,0,0,0,0,0,0,0,0,0,0,0,0,0,0,0
5,7,6,4,8,9,12,10,6,5,3,11,9,8,7,14,13,11,10,5,15,12,9,6,8,13,10,7,11,14,6,3,9,8,10,5,11,7,15,12,2,4,13,14,1,16,17,18,19,12,15,11,14,16,18,13,10,6,3,9,8,10,5,11,7,15,12,2,4,11,9,8,7,14,13,11,10,5,15,12,13,10,7,11,14,6,3,9,8,10,5,11,7,15,12,2,4,13,14,1
0.15,0.12,0.135,0.095,0.13,0.12,0.105,0.115,0.14,0.085,0.145,0.095,0.125,0.135,0.115,0.105,0.11,0.13,0.145,0.085,0.09,0.14,0.12,0.15,0.1,0.135,0.125,0.11,0.115,0.15,0.12,0.135,0.095,0.13,0.12,0.105,0.115,0.14,0.085,0.145,0.095,0.125,0.135,0.115,0.105,0.11,0.13,0.145,0.085,0.09,0.14,0.12,0.15,0.1,0.135,0.125,0.11,0.115,0.15,0.115,0.15,0.12,0.135,0.095,0.13,0.12,0.105,0.115,0.14,0.085,0.125,0.11,0.115,0.15,0.12,0.135,0.095,0.13,0.12,0.105,0.12,0.105,0.115,0.14,0.085,0.145,0.095,0.125,0.135,0.115,0.105,0.11,0.13,0.145,0.085,0.09,0.14,0.12,0.15,0.1
50,80,40,70,90,60,100,130,80,70,90,110,100,40,50,60,70,80,90,110,120,130,40,50,60,70,80,90,100,120,50,60,70,80,90,100,110,120,130,140,150,160,170,180,190,200,210,230,240,250,260,270,280,290,300,90,110,100,40,50,60,70,80,90,110,120,60,70,80,70,80,90,100,120,50,60,70,80,90,100,60,70,80,90,100,110,120,130,140,150,160,170,180,190,200,210,230,240,250,260
300,200,140,250,180,190,160,170,210,220,130,140,230,240,260,270,180,190,200,210,220,130,140,230,240,260,270,270,180,190,200,210,290,300,310,320,330,340,350,360,370,380,390,400,410,420,430,440,450,460,470,480,490,500,510,520,530,540,550,560,570,580,220,130,140,230,240,260,270,180,230,240,260,270,180,190,200,210,220,130,240,260,270,270,180,190,200,210,290,300,310,320,330,340,350,360,370,380,390,400
180,100,100,150,120,110,130,170,190,140,160,180,200,120,140,170,150,130,190,160,120,140,170,200,130,150,110,180,160,190,120,140,170,180,190,200,210,220,230,240,250,260,270,280,290,300,310,320,330,340,350,360,370,380,390,400,410,420,430,180,200,120,140,170,150,130,190,160,120,140,120,140,170,200,130,150,110,180,160,190,120,140,170,200,130,150,110,180,160,190,120,140,170,180,190,200,210,220,230,240
300,150,100,250,220,210,230,270,260,280,300,220,240,270,250,230,290,260,220,240,270,280,230,250,210,280,260,290,220,240,270,300,150,100,250,220,210,230,270,290,240,260,280,300,220,240,270,250,270,290,240,260,280,300,220,240,270,250,230,290,260,260,220,240,270,280,300,190,300,220,240,270,250,230,290,260,220,240,270,280,260,290,220,240,270,300,150,100,250,220,210,230,270,290,240,260,280,300,220,240
0,0,0,0,0,0,0,0,0,0,0,0,0,0,0,0,0,0,0,0,0,0,0,0,0,0,0,0,0,0,0,0,0,0,0,0,0,0,0,0,0,0,0,0,0,0,0,0,0,0,0,0,0,0,0,0,0,0,0,0,0,0,0,0,0,0,0,0,0,0,0,0,0,0,0,0,0,0,0,0,0,0,0,0,0,0,0,0,0,0,0,0,0,0,0,0,0,0,0,0
150,500,400,350,300,450,550,400,250,300,350,400,450,500,550,300,350,400,450,500,550,250,300,350,400,450,500,550,250,300,350,400,150,500,400,350,300,450,550,400,250,300,350,400,450,500,550,300,350,400,300,350,400,450,500,550,300,350,400,450,400,250,300,350,400,150,500,400,350,300,450,550,400,250,300,350,400,450,500,550,300,350,400,450,500,550,250,300,350,400,450,500,550,250,300,350,400,150,500,400,350,300,450,550,400,250,300,350,400,450,500,550,300,350,400,300,350,400,450,500,550,300,350,400,450,400,250,300,350,400,500,400,350,300,450,550,400,250,300,350,400,450,150,500
200,300,100,250,220,210,230,270,260,280,300,220,240,270,250,230,290,260,220,240,270,280,230,250,210,280,260,290,220,240,270,300,150,100,250,220,210,230,270,290,240,260,280,300,220,240,270,250,270,290,240,260,280,300,220,240,270,250,230,290,260,260,220,240,270,280,300,190,300,220,240,270,250,230,290,260,220,240,270,280,280,260,290,220,240,270,300,150,100,250,220,210,230,270,290,240,260,280,300,220,240,270,250,270,290,240,260,280,300,220,240,270,250,230,290,260,260,220,240,270,280,300,190,300,220,240,270,250,230,290,260,220,240,270,280,290,240,260,280,300,220,290,240,260
