30
32
20,18,5,10,15,25,30,12,18,20,15,22,16,28,25,18,10,22,30,25,20,15,12,28,30,22,18,16,10,25
0.5,0.3,1.0,0.2,0.4,0.8,0.6,0.7,0.4,0.9,0.3,0.6,0.7,0.5,0.3,0.8,0.9,0.4,0.6,0.2,0.7,0.8,0.5,0.3,0.9,0.2,0.6,0.7,0.4,0.8
0,0,0,0,0,0,0,0,0,0,0,0,0,0,0,0,0,0,0,0,0,0,0,0,0,0,0,0,0,0
5,7,6,4,8,9,12,10,6,5,3,11,9,8,7,14,13,11,10,5,15,12,9,6,8,4,13,10,7,11
0.100,0.125,0.150,0.090,0.110,0.135,0.095,0.130,0.120,0.105,0.115,0.140,0.085,0.145,0.095,0.125,0.135,0.115,0.105,0.110,0.130,0.145,0.085,0.090,0.140,0.120,0.150,0.100,0.135,0.125
50,80,40,70,90,60,100,120,130,80,70,90,110,100,40,50,60,70,80,90,110,120,130,40,50,60,70,80,90,100
300,200,140,250,180,190,160,170,210,220,130,140,230,240,260,270,180,190,200,210,220,130,140,230,240,260,270,270,180,190
180,100,100,150,120,110,130,170,190,140,160,180,200,120,140,170,150,130,190,160,120,140,170,200,130,150,110,180,160,190
300,150,100,250,220,210,230,270,290,240,260,280,300,220,240,270,250,230,290,260,220,240,270,280,230,250,210,280,260,290
0,0,0,0,0,0,0,0,0,0,0,0,0,0,0,0,0,0,0,0,0,0,0,0,0,0,0,0,0,0
400,600,500,450,400,550,650,500,350,400,550,600,550,600,850,600,650,700,750,800,850,550,600,650,700,750,800,850,550,600,400,200
15,50,40,30,25,35,60,45,20,30,40,50,70,80,90,30,35,45,60,70,80,15,20,25,50,60,70,80,15,20,45,15


